//static const unsigned short Y_Quant[]={64, 67, 52, 75, 96, 126, 113, 68, 67, 92, 101, 130, 144, 253, 180, 86, 73, 101,109, 147, 209, 238, 198, 81, 66, 117, 135, 166, 245, 325, 204, 80, 72, 122, 199, 263, 272, 346, 225, 86, 75, 157, 230, 237, 258, 257, 194, 80, 108, 192, 221, 224, 225, 208, 141, 61, 79, 141, 138, 127, 124, 87, 62, 30};
//static const unsigned short C_Quant[]={72, 100, 125, 226, 400, 314, 216, 110, 100, 169, 188, 431, 555, 436, 300, 153, 125, 188, 382, 615, 523, 411, 283, 144, 226, 431, 615, 553, 470, 370, 255, 130, 400, 555, 523, 470, 400, 314, 216, 110, 314, 436, 411, 370, 314, 247, 170, 87, 216, 300, 283, 255, 216, 170, 117, 60, 110, 153, 144, 130, 110, 87, 60, 30};

static const unsigned short Y_Quant[]={64, 67, 73, 66, 72, 75, 108, 79, 67, 92, 101, 117, 122, 157, 192, 141, 52, 101, 109, 135, 199, 230, 221, 138, 75, 130, 147, 166, 263, 237, 224, 127, 96, 144, 209, 245, 272, 258, 225, 124, 126, 253, 238, 325, 346, 257, 208, 87, 113, 180, 198, 204, 225, 194, 141, 62, 68, 86, 81, 80, 86, 80, 61, 30};
static const unsigned short C_Quant[]={72, 100, 125, 226, 400, 314, 216, 110, 100, 169, 188, 431, 555, 436, 300, 153, 125, 188, 382, 615, 523, 411, 283, 144, 226, 431, 615, 553, 470, 370, 255, 130, 400, 555, 523, 470, 400, 314, 216, 110, 314, 436, 411, 370, 314, 247, 170, 87, 216, 300, 283, 255, 216, 170, 117, 60, 110, 153, 144, 130, 110, 87, 60, 30};




void quantizarCoeficientes(short *datos, short *cuantizados, int tipoBlock){

	int i;
	short temp;
	int qval;

	for(i=0; i<64; ++i){
		temp = datos[i];
		if(tipoBlock == 0)
			qval = Y_Quant[i];
		else
			qval = C_Quant[i];
		if (temp < 0) {
			temp = -temp;
			temp += qval>>1;	
			temp=temp/qval;
			temp = -temp;
		} else {
			temp += qval>>1;	
			temp=temp/qval;
		}
		cuantizados[i]=temp;
	}
}
